@S
0
0
0
0
@ArrStat
@Element
Аэродром№1
АРТ-56-2
0,81;0,18;0,01;
0,669421487603306;0,148760330578512;0,00826446280991736;
0,697768595041322;0,12198347107438;0,00669421487603306;
@Element
Аэродром№1
Воздухозаборник
1;
0,826446280991735;
0,826446280991735;
@Element
Аэродром№1
Вторичный ВВР 4458
1;
0,826446280991735;
0,826446280991735;
@Element
Аэродром№1
Дроссельная заслонка 5701Т-02
0,54;0,33;0,12;0,01;
0,520661157024793;0,206611570247934;0,0909090909090909;0,00826446280991736;
0,559173553719008;0,197520661157025;0,0645454545454546;0,00520661157024794;
@Element
Аэродром№1
Заслонка для управления эжектором 5670
1;
0,826446280991735;
0,826446280991735;
@Element
Аэродром№1
Клапан 4477
1;
0,826446280991735;
0,826446280991735;
@Element
Аэродром№1
Клапан 4672
0,64;0,32;0,04;
0,59504132231405;0,214876033057851;0,0165289256198347;
0,603636363636364;0,19900826446281;0,023801652892562;
@Element
Аэродром№1
Клапан 5102
1;
0,826446280991735;
0,826446280991735;
@Element
Аэродром№1
Командный прибор ПСВП 5701Т-01
1;
0,826446280991735;
0,826446280991735;
@Element
Аэродром№1
Кран наддува 4602
0,25;0,45;0,25;0,05;
0,347107438016529;0,322314049586777;0,132231404958678;0,0247933884297521;
0,462809917355372;0,243388429752066;0,102892561983471;0,0173553719008264;
@Element
Аэродром№1
Кран отбора воздуха 5377Т
1;
0,826446280991735;
0,826446280991735;
@Element
Аэродром№1
Масло
0;0,06;0,52;0,38;0,04;
0;0;0;0;0;0,0247933884297521;0,0991735537190083;0,107438016528926;0,165289256198347;0,15702479338843;0,0826446280991736;0,115702479338843;0,0165289256198347;0,0495867768595041;0;0,00826446280991736;
0,826446280991736;0;0;0;0;
@Element
Аэродром№1
Первичный ВВР 4487Т
0,72;0,26;0,02;
0,743801652892562;0,0826446280991736;
0,616528925619835;0,19504132231405;0,0148760330578512;
@Element
Аэродром№1
Распределитель
0,81;0,18;0,01;
0,669421487603306;0,0743801652892562;0,0743801652892562;0,00826446280991736;
0,698512396694215;0,121239669421488;0,00669421487603306;
@Element
Аэродром№1
Регулятор избыточного давления 4561
1;
0,826446280991735;
0,826446280991735;
@Element
Аэродром№1
Регулятор избыточного давления РИД 5606Т-1
1;
0,826446280991735;
0,826446280991735;
@Element
Аэродром№1
Система охлаждения ВСУ
0,72;0,26;0,02;
0,59504132231405;0,214876033057851;0,0165289256198347;
0,655537190082645;0,15900826446281;0,011900826446281;
@Element
Аэродром№1
Смеситель
0,9;0,1;
0,743801652892562;0,0826446280991736;
0,752066115702479;0,0743801652892562;
@Element
Аэродром№1
Термореле 4463АТ-41
1;
0,826446280991735;
0,826446280991735;
@Element
Аэродром№1
Термореле и датчик температуры
1;
0,826446280991735;
0,826446280991735;
@Element
Аэродром№1
Турбохолодильник
0,72;0,17;0,1;0,01;
0,59504132231405;0,140495867768595;0,0826446280991736;0,00826446280991736;
0,643553719008264;0,11603305785124;0,0609090909090909;0,0059504132231405;
@Element
Аэродром№2
АРТ-56-2
0,2592;0,4392;0,2472;0,0512;0,0032;
0,177037087630626;0,270473328324568;0,168021310019807;0,0573731302506659;0,00956218837511099;0,000546410764292057;
0,460965671743733;0,153401980739021;0,0581494706645721;0,00992981353732669;0,000566518680418004;
@Element
Аэродром№2
Воздухозаборник
1;
0,683013455365071;
0,683013455365071;
@Element
Аэродром№2
Вторичный ВВР 4458
1;
0,683013455365071;
0,683013455365071;
@Element
Аэродром№2
Дроссельная заслонка 5701Т-02
0,72;0,26;0,02;
0,553240898845707;0,122942421965713;0,00683013455365071;
0,525647155248958;0,146301482139198;0,0110648179769141;
@Element
Аэродром№2
Заслонка для управления эжектором 5670
1;
0,683013455365071;
0,683013455365071;
@Element
Аэродром№2
Клапан 4477
1;
0,683013455365071;
0,683013455365071;
@Element
Аэродром№2
Клапан 4672
0,4608;0,3968;0,1248;0,0168;0,0008;
0,354074175261253;0,255720237688683;0,0658424970971928;0,00710333993579674;0,000273205382146028;
0,454517587596476;0,173522355030394;0,048537231063452;0,00615302233453999;0,000283259340209002;
@Element
Аэродром№2
Клапан 5102
1;
0,683013455365071;
0,683013455365071;
@Element
Аэродром№2
Командный прибор ПСВП 5701Т-01
1;
0,683013455365071;
0,683013455365071;
@Element
Аэродром№2
Кран наддува 4602
0,5832;0,3402;0,0702;0,0062;0,0002;
0,448125128065023;0,199166723584455;0,0331944539307424;0,00245884843931425;6,83013455365071E-5;
0,480765794686155;0,166639969947408;0,0326998565671744;0,00281820913872003;8,96250256130046E-5;
@Element
Аэродром№2
Кран отбора воздуха 5377Т
1;
0,683013455365071;
0,683013455365071;
@Element
Аэродром№2
Масло
0,0003;0,0045;0,0268;0,0863;0,173;0,2349;0,2272;0,1509;0,0719;0,0202;0,004;
0;0;0;0;0;0;0;0;0;0;0;0;0,000409808073219042;0,0019124376750222;0,00764975070008879;0,0210368144252442;0,0415272180861963;0,0730824397240626;0,0908407895635544;0,102178812922615;0,102452018304761;0,0859230926849259;0,0672085240079229;0,0427566423058534;0,0259545113038727;0,0124308448876443;0,00505429956970152;0,00204904036609521;0,000409808073219042;0,000136602691073014;
0,683013455365071;0;0;0;0;0;0;0;0;0;0;
@Element
Аэродром№2
Первичный ВВР 4487Т
0,1944;0,2916;0,2592;0,162;0,066;0,0216;0,0044;0,0008;
0,13277781572297;0,236049450174168;0,186872481387883;0,096714705279694;0,0284133597431869;0,00218564305716823;
0,397355153336521;0,137181886483164;0,0872054094665665;0,0415739908476197;0,0147616146438085;0,00405611638549279;0,000773061949320401;0,000106222252578376;
@Element
Аэродром№2
Распределитель
0,1512;0,342;0,312;0,15;0,04;0,0048;
0,103271634451199;0,233590601734854;0,213100198073902;0,102452018304761;0,0273205382146028;0,00327846458575234;
0,43073986749539;0,14439341575029;0,076275117819821;0,0258572501878287;0,00525210026637525;0,000495703845365754;
@Element
Аэродром№2
Регулятор избыточного давления 4561
1;
0,683013455365071;
0,683013455365071;
@Element
Аэродром№2
Регулятор избыточного давления РИД 5606Т-1
1;
0,683013455365071;
0,683013455365071;
@Element
Аэродром№2
Система охлаждения ВСУ
0,196;0,413;0,295;0,087;0,009;
0,183594016802131;0,292876169660542;0,164469640051909;0,038795164264736;0,00327846458575234;
0,404751041595519;0,176880814152039;0,081120688477563;0,0186085649887303;0,00165234615121918;
@Element
Аэродром№2
Смеситель
0,5184;0,3744;0,0964;0,0104;0,0004;
0,354074175261253;0,255720237688683;0,0658424970971928;0,00710333993579674;0,000273205382146028;
0,484364182774401;0,157904405436787;0,0368185779659859;0,0037846595177925;0,000141629670104501;
@Element
Аэродром№2
Термореле 4463АТ-41
1;
0,683013455365071;
0,683013455365071;
@Element
Аэродром№2
Термореле и датчик температуры
1;
0,683013455365071;
0,683013455365071;
@Element
Аэродром№2
Турбохолодильник
0,12;0,175;0,1718;0,1547;0,1414;0,102;0,0621;0,0381;0,0199;0,0093;0,0037;0,0016;0,0003;0,0001;
0,0956218837511099;0,134895157434601;0,115839082029916;0,10129089543064;0,0925483232019671;0,063178744621269;0,0364729185164948;0,0225394440270473;0,0116112287412062;0,00539580629738406;0,00232224574824124;0,00102452018304761;0,000204904036609521;6,83013455365071E-5;
0,369523304419097;0,0874851307970767;0,0731496209275323;0,0571990028003552;0,0409373403456048;0,0257203196502971;0,0147815381463015;0,00795036541219862;0,00378215285841131;0,0016133802335906;0,000614514035926508;0,000205047469435148;4,21760808687931E-5;9,56218837511099E-6;
@EndSolution
